100000 13947.364258
99000 14088.246094
98000 14232.003906
97000 14378.725586
96000 14528.503906
95000 14681.435547
94000 14837.621094
93000 14997.165039
92000 15160.177734
91000 15326.773438
90000 15497.071289
89000 15671.195312
88000 15849.277344
87000 16031.453125
86000 16217.865234
85000 16408.664062
84000 16604.003906
83000 16804.052734
82000 17008.980469
81000 17218.966797
80000 17434.205078
79000 17654.890625
78000 17881.236328
77000 18113.458984
76000 18351.794922
75000 18596.484375
74000 18847.789062
73000 19105.978516
72000 19371.337891
71000 19644.173828
70000 19924.804688
69000 20213.570312
68000 20510.830078
67000 20816.960938
66000 21132.369141
65000 21457.482422
64000 21792.755859
63000 22138.671875
62000 22495.748047
61000 22864.531250
60000 23245.605469
59000 23639.599609
58000 24047.179688
57000 24469.058594
56000 24906.007812
55000 25358.843750
54000 25828.451172
53000 26315.781250
52000 26821.853516
51000 27347.771484
50000 27894.728516
49000 28464.007812
48000 29057.007812
47000 29675.242188
46000 30320.355469
45000 30994.142578
44000 31698.554688
43000 32435.730469
42000 33208.007812
41000 34017.960938
40000 34868.410156
39000 35762.472656
38000 36703.589844
37000 37695.578125
36000 38742.675781
35000 39849.609375
34000 41021.660156
33000 42264.738281
32000 43585.511719
31000 44991.496094
30000 46491.210938
29000 48094.359375
28000 49812.015625
27000 51656.902344
26000 53643.707031
25000 55789.457031
24000 58114.015625
23000 60640.710938
22000 63397.109375
21000 66416.015625
20000 69736.820312
19000 73407.179688
18000 77485.351562
17000 82043.320312
16000 87171.023438
15000 92982.421875
14000 99624.031250
13000 107287.414062
12000 116228.031250
11000 126794.218750
10000 139473.640625
9000 154970.703125
8000 174342.046875
7000 199248.062500
6000 232456.062500
5000 278947.281250
4000 348684.093750
3000 464912.125000
2000 697368.187500
1000 1394736.375000