110 0.227273
210 3.514286
310 5.380645
410 6.434146
510 7.254902
610 7.903279
710 8.371831
810 8.827160
910 9.213187
1010 9.456436
1110 9.729730
1210 9.989256
1310 10.209924
1410 10.427660
1510 10.584106
1610 10.762112
1710 10.909357
1810 11.033149
1910 11.184817
2010 11.318905
2110 11.455450
2210 11.559729
2310 11.657143
2410 11.770539
2510 11.889243
2610 11.994253
2710 12.083764
2810 12.158007
2910 12.235739
3010 12.318605
3110 12.395177
3210 12.462617
3310 12.521752
3410 12.589443
3510 12.655840
3610 12.719668
3710 12.779784
3810 12.837533
3910 12.899488
4010 12.955860
4110 13.009246
4210 13.064371
4310 13.110209
4410 13.158277
4510 13.220621
4610 13.279176
4710 13.325265
4810 13.380249
4910 13.428106
5010 13.473054
5110 13.511742
5210 13.556430
5310 13.592090
5410 13.627172
5510 13.664791
5610 13.691444
5710 13.732925
5810 13.776076
5910 13.820812
6010 13.860233
6110 13.899836
6210 13.943800
6310 13.974010
6410 14.017161
6510 14.056989
6610 14.083510
6710 14.125186
6810 14.150661
6910 14.171346
7010 14.198573
7110 14.225316
7210 14.255617
7310 14.286731
7410 14.321323
7510 14.356059
7610 14.384888
7710 14.417510
7810 14.438412
7910 14.467636
8010 14.502122
8110 14.532799
8210 14.565164
8310 14.591817
8410 14.618549
8510 14.641246
8610 14.670848
8710 14.697245
8810 14.721566
8910 14.747924
9010 14.768036
9110 14.798902
9210 14.818458
9310 14.842750
9410 14.865887
9510 14.889905
9610 14.918314
9710 14.938311
9810 14.960958
9910 14.988597
10010 15.008492
10110 15.031553
10210 15.047013
10310 15.068283
10410 15.090874
10510 15.109420
10610 15.127333
10710 15.142857
10810 15.162812
10910 15.184693
11010 15.203996
11110 15.223492
11210 15.240678
11310 15.259947
11410 15.278265
11510 15.293310
11610 15.316365
11710 15.331255
11810 15.349619
11910 15.367086
12010 15.385429
12110 15.400578
12210 15.417035
12310 15.434768
12410 15.448993
12510 15.468585
12610 15.486122
12710 15.502990
12810 15.517877
12910 15.536019
13010 15.550269
13110 15.565980
13210 15.582210
13310 15.597145
13410 15.611409
13510 15.631606
13610 15.650625
13710 15.662655
13810 15.679435
13910 15.696477
14010 15.714204
14110 15.729270
14210 15.741872
14310 15.755765
14410 15.773005
14510 15.784080
14610 15.796304
14710 15.813732
14810 15.824240
14910 15.836553
15010 15.850366
15110 15.864461
15210 15.877909
15310 15.894383
15410 15.906684
15510 15.923017
15610 15.939206
15710 15.953851
15810 15.968501
15910 15.979195
16010 15.992505
16110 16.007759
16210 16.023319
16310 16.037952
16410 16.047227
16510 16.061054
16610 16.071884
16710 16.088091
16810 16.100952
16910 16.114725
17010 16.126925
17110 16.138749
17210 16.155084
17310 16.168804
17410 16.179897
17510 16.193547
17610 16.204770
17710 16.213439
17810 16.224874
17910 16.235176
18010 16.247252
18110 16.260243
18210 16.271554
18310 16.281158
18410 16.291852
18510 16.303404
18610 16.316067
18710 16.324532
18810 16.334397
18910 16.344262
19010 16.358233
19110 16.368760
19210 16.379906
19310 16.389746
19410 16.399485
19510 16.411994
19610 16.423610
19710 16.433942
19810 16.443261
19910 16.452034
20010 16.463368
20110 16.469816
20210 16.477734
20310 16.485130
20410 16.496472
20510 16.507070
20610 16.515381
20710 16.525592
20810 16.535272
20910 16.545672
21010 16.553498
21110 16.565656
21210 16.574446
21310 16.583529
21410 16.589538
21510 16.599349
21610 16.606478
21710 16.617780
21810 16.626914
21910 16.635372
22010 16.644616
22110 16.654636
22210 16.664475
22310 16.673017
22410 16.683757
22510 16.694669
22610 16.704511
22710 16.715236
22810 16.725252
22910 16.735225
23010 16.741895
23110 16.751277
23210 16.758208
23310 16.764093
23410 16.773217
23510 16.780902
23610 16.790301
23710 16.800844
23810 16.810920
23910 16.820368
24010 16.831112
24110 16.840274
24210 16.848286
24310 16.855697
24410 16.862351
24510 16.871685
24610 16.881674
24710 16.889964
24810 16.899355
24910 16.906544
25010 16.912795
25110 16.919833
25210 16.928401
25310 16.937100
25410 16.944667
25510 16.953822
25610 16.959235
25710 16.967717
25810 16.976482
25910 16.984485
26010 16.989773
26110 16.996170
26210 17.002213
26310 17.009730
26410 17.017001
26510 17.026556
26610 17.036866
26710 17.043205
26810 17.049608
26910 17.055704
27010 17.062310
27110 17.068794
27210 17.075634
27310 17.083742
27410 17.089785
27510 17.095711
27610 17.102644
27710 17.111115
27810 17.120280
27910 17.127983
28010 17.134666
28110 17.139843
28210 17.148245
28310 17.153762
28410 17.160260
28510 17.170151
28610 17.176896
28710 17.185023
28810 17.193613
28910 17.201902
29010 17.209100
29110 17.216077
29210 17.222047
29310 17.229990
29410 17.238082
29510 17.246357
29610 17.256197
29710 17.265197
29810 17.271318
29910 17.279371
30010 17.285705
30110 17.293258
30210 17.300199
30310 17.305642
30410 17.310457
30510 17.318158
30610 17.324828
30710 17.332563
30810 17.337780
30910 17.345131
31010 17.351532
31110 17.357698
31210 17.365428
31310 17.372820
31410 17.379720
31510 17.388099
31610 17.394147
31710 17.399811
31810 17.407010
31910 17.415230
32010 17.423118
32110 17.428465
32210 17.435796
32310 17.443052
32410 17.449769
32510 17.456014
32610 17.461852
32710 17.469367
32810 17.475922
32910 17.480735
33010 17.487337
33110 17.493084
33210 17.499910
33310 17.506334
33410 17.511883
33510 17.518293
33610 17.523475
33710 17.530584
33810 17.534990
33910 17.540902
34010 17.546927
34110 17.553562
34210 17.560333
34310 17.565258
34410 17.571927
34510 17.576905
34610 17.582548
34710 17.589686
34810 17.597156
34910 17.602091
35010 17.607941
35110 17.612475
35210 17.617694
35310 17.623081
35410 17.628438
35510 17.634920
35610 17.637855
35710 17.644217
35810 17.648869
35910 17.652938
36010 17.656540
36110 17.662033
36210 17.666142
36310 17.671082
36410 17.675474
36510 17.680745
36610 17.686479
36710 17.691338
36810 17.696550
36910 17.702655
37010 17.705350
37110 17.707949
37210 17.712819
37310 17.715787
37410 17.719914
37510 17.726846
37610 17.730763
37710 17.734129
37810 17.740175
37910 17.746004
38010 17.751776
38110 17.755917
38210 17.758545
38310 17.761577
38410 17.764983
38510 17.768320
38610 17.773012
38710 17.776595
38810 17.781345
38910 17.785865
39010 17.788798
39110 17.792994
39210 17.797271
39310 17.800967
39410 17.806851
39510 17.811541
39610 17.816259
39710 17.818937
39810 17.823436
39910 17.827863
40010 17.831067
40110 17.834729
40210 17.838871
40310 17.842372
40410 17.845781
40510 17.847692
40610 17.852549
40710 17.855785
40810 17.861039
40910 17.863970
41010 17.867179
41110 17.870494
41210 17.873113
41310 17.875527
41410 17.879787
41510 17.883883
41610 17.886013
41710 17.890290
41810 17.891509
41910 17.896278
42010 17.898310
42110 17.902114
42210 17.904596
42310 17.907303
42410 17.910092
42510 17.913597
42610 17.917132
42710 17.919410
42810 17.922355
42910 17.924796
43010 17.925947
43110 17.929831
43210 17.934529
43310 17.939437
43410 17.943170
43510 17.946771
43610 17.949897
43710 17.953329
43810 17.957065
43910 17.961444
44010 17.963372
44110 17.967332
44210 17.969260
44310 17.972196
44410 17.975524
44510 17.979263
44610 17.982941
44710 17.985462
44810 17.989935
44910 17.993520
45010 17.995756
45110 17.999180
45210 18.001659
45310 18.005738
45410 18.011319
45510 18.014744
45610 18.018965
45710 18.023146
45810 18.026654
45910 18.030146
46010 18.033101
46110 18.036044
46210 18.038109
46310 18.042302
46410 18.045098
46510 18.048527
46610 18.050290
46710 18.052301
46810 18.055629
46910 18.058666
47010 18.062987
47110 18.066270
47210 18.069201
47310 18.072881
47410 18.075807
47510 18.078489
47610 18.081916
47710 18.084993
47810 18.087408
47910 18.090691
48010 18.093939
48110 18.096986
48210 18.100747
48310 18.105175
48410 18.108490
48510 18.109895
48610 18.113454
48710 18.118087
48810 18.121983
48910 18.125332
49010 18.128035
49110 18.130808
49210 18.133631
49310 18.136686
49410 18.141004
49510 18.144254
49610 18.148539
49710 18.153410
49810 18.156936
49910 18.161531
50010 18.163687
50110 18.166414
50210 18.169010
50310 18.172371
50410 18.176156
50510 18.178757
50610 18.182177
50710 18.185447
50810 18.188349
50910 18.191809
51010 18.194236
51110 18.198200
51210 18.201972
51310 18.205438
51410 18.208675
51510 18.210949
51610 18.213311
51710 18.217385
51810 18.220247
51910 18.221865
52010 18.224995
52110 18.228075
52210 18.230703
52310 18.234544
52410 18.236443
52510 18.240335
52610 18.244117
52710 18.245817
52810 18.249044
52910 18.252164
53010 18.255820
53110 18.259405
53210 18.263202
53310 18.266216
53410 18.268152
53510 18.272043
53610 18.275527
53710 18.277937
53810 18.280208
53910 18.284122
54010 18.288095
54110 18.289891
54210 18.293248
54310 18.297238
54410 18.301764
54510 18.304550
54610 18.306977
54710 18.310400
54810 18.314924
54910 18.317793
55010 18.321214
55110 18.323843
55210 18.326589
55310 18.329452
55410 18.332792
55510 18.336660
55610 18.340173
55710 18.343798
55810 18.346103
55910 18.348435
56010 18.351687
56110 18.354607
56210 18.356876
56310 18.359563
56410 18.362897
56510 18.365811
56610 18.367974
56710 18.371663
56810 18.375409
56910 18.379107
57010 18.383336
57110 18.386255
57210 18.389932
57310 18.392776
57410 18.395506
57510 18.398905
57610 18.401510
57710 18.402911
57810 18.406452
57910 18.410205
58010 18.412119
58110 18.414559
58210 18.416509
58310 18.420185
58410 18.423112
58510 18.425978
58610 18.428118
58710 18.430472
58810 18.433073
58910 18.435512
59010 18.438604
59110 18.441093
59210 18.444216
59310 18.447075
59410 18.450025
59510 18.453033
59610 18.455377
59710 18.457645
59810 18.460592
59910 18.462093
60010 18.463773
60110 18.466112
60210 18.469291
60310 18.470519
60410 18.472124
60510 18.474996
60610 18.478469
60710 18.480481
60810 18.483210
60910 18.484781
61010 18.487314
61110 18.489691
61210 18.491554
61310 18.495074
61410 18.497525
61510 18.500943
61610 18.502581
61710 18.505023
61810 18.507232
61910 18.510499
62010 18.513079
62110 18.516744
62210 18.519531
62310 18.522468
62410 18.525749
62510 18.528012
62610 18.530522
62710 18.533759
62810 18.535743
62910 18.538134
63010 18.540279
63110 18.544177
63210 18.546749
63310 18.548586
63410 18.550891
63510 18.552732
63610 18.555039
63710 18.558876
63810 18.561323
63910 18.563918
64010 18.567677
64110 18.571065
64210 18.574490
64310 18.576380
64410 18.580112
64510 18.583568
64610 18.586380
64710 18.588982
64810 18.592270
64910 18.595378
65010 18.597647
65110 18.601367
65210 18.604309
65310 18.607717
65410 18.610044
65510 18.613555
65610 18.616933
65710 18.619525
65810 18.622474
65910 18.625034
66010 18.627981
66110 18.631569
66210 18.634481
66310 18.637581
66410 18.640491
66510 18.643212
66610 18.645924
66710 18.648913
66810 18.651624
66910 18.654028
67010 18.656395
67110 18.659350
67210 18.662639
67310 18.664775
67410 18.668625
67510 18.670330
67610 18.673347
67710 18.675306
67810 18.678101
67910 18.681299
68010 18.683297
68110 18.686625
68210 18.688990
68310 18.691202
68410 18.693437
68510 18.695650
68610 18.698164
68710 18.701048
68810 18.702877
68910 18.705964
69010 18.708100
69110 18.711200
69210 18.713365
69310 18.715741
69410 18.717908
69510 18.719983
69610 18.722899
69710 18.725176
69810 18.727561
69910 18.730482
70010 18.733481
70110 18.735444
70210 18.738356
70310 18.740279
70410 18.742636
70510 18.745284
70610 18.747911
70710 18.750092
70810 18.754046
70910 18.756621
71010 18.759456
71110 18.762453
71210 18.765384
71310 18.767368
71410 18.769780
71510 18.772354
71610 18.775772
71710 18.778371
71810 18.781117
71910 18.783799
72010 18.785849
72110 18.788726
72210 18.790943
72310 18.793763
72410 18.796465
72510 18.799048
72610 18.802603
72710 18.805171
72810 18.808405
72910 18.811548
73010 18.814067
73110 18.816537
73210 18.820421
73310 18.823094
73410 18.825146
73510 18.828146
73610 18.830730
73710 18.833645
73810 18.835808
73910 18.839548
74010 18.842927
74110 18.845325
74210 18.848282
74310 18.851204
74410 18.854092
74510 18.856274
74610 18.859563
74710 18.862789
74810 18.865138
74910 18.868402
75010 18.871324
75110 18.874211
75210 18.877250
75310 18.880321
75410 18.882748
75510 18.885326
75610 18.888136
75710 18.890622
75810 18.893246
75910 18.897010
76010 18.900276
76110 18.903587
76210 18.906115
76310 18.909147
76410 18.911347
76510 18.913698
76610 18.916460
76710 18.919202
76810 18.921495
76910 18.924184
77010 18.927477
77110 18.930813
77210 18.933713
77310 18.936244
77410 18.939220
77510 18.942420
77610 18.944711
77710 18.948076
77810 18.950726
77910 18.952894
78010 18.955429
78110 18.958533
78210 18.960222
78310 18.963542
78410 18.966637
78510 18.968972
78610 18.972294
78710 18.974451
78810 18.977249
78910 18.979888
79010 18.982559
79110 18.986449
79210 18.989888
79310 18.992876
79410 18.996021
79510 18.999648
79610 19.002148
79710 19.004830
79810 19.008144
79910 19.010412
80010 19.013611
80110 19.016240
80210 19.019387
80310 19.023272
80410 19.025954
80510 19.028978
80610 19.032862
80710 19.034977
80810 19.038337
80910 19.041416
81010 19.044007
81110 19.047947
81210 19.051718
81310 19.055504
81410 19.058261
81510 19.061931
81610 19.064624
81710 19.068768
81810 19.072424
81910 19.075485
82010 19.079368
82110 19.082195
82210 19.085403
82310 19.088106
82410 19.092064
82510 19.095637
82610 19.099189
82710 19.103313
82810 19.105929
82910 19.108925
83010 19.112661
83110 19.116364
83210 19.119385
83310 19.122074
83410 19.125453
83510 19.129230
83610 19.131850
83710 19.135635
83810 19.140962
83910 19.144143
84010 19.147185
84110 19.150874
84210 19.154079
84310 19.157407
84410 19.161154
84510 19.164205
84610 19.167096
84710 19.171196
84810 19.174920
84910 19.178130
85010 19.181590
85110 19.186124
85210 19.189133
85310 19.192603
85410 19.195726
85510 19.199322
85610 19.202710
85710 19.206697
85810 19.210313
85910 19.214038
86010 19.218114
86110 19.221054
86210 19.224800
86310 19.229012
86410 19.232045
86510 19.236215
86610 19.240065
86710 19.243905
86810 19.247575
86910 19.249891
87010 19.252822
87110 19.256848
87210 19.260440
87310 19.263612
87410 19.267452
87510 19.270883
87610 19.275197
87710 19.278212
87810 19.282029
87910 19.285633
88010 19.288694
88110 19.292373
88210 19.296055
88310 19.299774
88410 19.302782
88510 19.306892
88610 19.311173
88710 19.315094
88810 19.318793
88910 19.321797
89010 19.324941
89110 19.328426
89210 19.331633
89310 19.335270
89410 19.338754
89510 19.342275
89610 19.346390
89710 19.350251
89810 19.353758
89910 19.356445
90010 19.359493
90110 19.362524
90210 19.365159
90310 19.368376
90410 19.372193
90510 19.375329
90610 19.378303
90710 19.381457
90810 19.384737
90910 19.387526
91010 19.390122
91110 19.393590
91210 19.396788
91310 19.399277
91410 19.402188
91510 19.405092
91610 19.408012
91710 19.411547
91810 19.415238
91910 19.417724
92010 19.420856
92110 19.424460
92210 19.428489
92310 19.431773
92410 19.434639
92510 19.437607
92610 19.441237
92710 19.444957
92810 19.448745
92910 19.451663
93010 19.454500
93110 19.457706
93210 19.461292
93310 19.464838
93410 19.467873
93510 19.470527
93610 19.474041
93710 19.476758
93810 19.480610
93910 19.483985
94010 19.486672
94110 19.489491
94210 19.492135
94310 19.495292
94410 19.497723
94510 19.500698
94610 19.503837
94710 19.506187
94810 19.509092
94910 19.511611
95010 19.514893
95110 19.518263
95210 19.522256
95310 19.525485
95410 19.527932
95510 19.531128
95610 19.533605
95710 19.536955
95810 19.539881
95910 19.542571
96010 19.545839
96110 19.548528
96210 19.551876
96310 19.555706
96410 19.558376
96510 19.561030
96610 19.563906
96710 19.567294
96810 19.570840
96910 19.573470
97010 19.576312
97110 19.579662
97210 19.582389
97310 19.584904
97410 19.588051
97510 19.591119
97610 19.593843
97710 19.596428
97810 19.599346
97910 19.602370
98010 19.604744
98110 19.607950
98210 19.611119
98310 19.614027
98410 19.616726
98510 19.619460
98610 19.622148
98710 19.625094
98810 19.627801
98910 19.630533
99010 19.633683
99110 19.636707
99210 19.639442
99310 19.641325
99410 19.644000
99510 19.646990
99610 19.649784
99710 19.652623
99810 19.655075
99910 19.657762
100010 19.659724
